0.000000	1.000000	
0.502660	2.000000	
0.913400	3.000000	
0.921720	4.000000	
1.324130	5.000000	
1.332450	6.000000	
1.340770	7.000000	
1.349090	8.000000	
1.734870	9.000000	
1.743190	10.000000	
1.751510	11.000000	
1.759830	12.000000	
1.768150	13.000000	
1.776470	14.000000	
1.784790	15.000000	
1.793110	16.000000	
2.145610	17.000000	
2.153930	18.000000	
2.162250	19.000000	
2.170570	20.000000	
2.178890	20.050000	
2.187210	20.100000	
2.195530	20.150000	
2.203850	20.199000	
2.212170	20.249000	
2.220490	20.298000	
2.228810	20.347000	
2.237130	20.397000	
2.245450	20.446000	
2.253770	20.494000	
2.262090	20.543000	
2.270410	20.592000	
2.556350	20.641000	
2.564670	20.689000	
2.572990	20.737000	
2.581310	20.786000	
2.589630	20.834000	
2.597950	20.882000	
2.606270	20.930000	
2.614590	20.977000	
2.622910	21.025000	
2.631230	21.073000	
2.639550	21.120000	
2.647870	21.167000	
2.656190	21.215000	
2.664510	21.262000	
2.672830	21.309000	
2.681150	21.356000	
2.689470	21.403000	
2.697790	21.449000	
2.706110	21.496000	
2.714430	21.542000	
2.967080	21.589000	
2.975400	21.635000	
2.983720	21.681000	
2.992040	21.727000	
3.000360	21.773000	
3.008680	21.819000	
3.017000	21.865000	
3.025320	21.911000	
3.033640	21.957000	
3.041960	22.002000	
3.050280	22.048000	
3.058600	22.093000	
3.066920	22.138000	
3.075240	22.183000	
3.083560	22.228000	
3.091880	22.273000	
3.100200	22.318000	
3.108520	22.363000	
3.116840	22.408000	
3.125160	22.453000	
3.377820	22.497000	
3.386140	22.542000	
3.394460	22.586000	
3.402780	22.630000	
3.411100	22.674000	
3.419420	22.718000	
3.427740	22.762000	
3.436060	22.806000	
3.444380	22.850000	
3.452700	22.894000	
3.461020	22.938000	
3.469340	22.981000	
3.477660	23.025000	
3.485980	23.068000	
3.494300	23.112000	
3.502620	23.155000	
3.510940	23.198000	
3.519260	23.241000	
3.527580	23.284000	
3.535900	23.327000	
3.788560	23.370000	
3.796880	23.413000	
3.805200	23.455000	
3.813520	23.498000	
3.821840	23.541000	
3.830160	23.583000	
3.838480	23.626000	
3.846800	23.668000	
3.855120	23.710000	
3.863440	23.752000	
3.871760	23.794000	
3.880080	23.836000	
3.888400	23.878000	
3.896720	23.920000	
3.905040	23.962000	
3.913360	24.004000	
3.921680	24.045000	
3.930000	24.087000	
3.938320	24.129000	
3.946640	24.170000	
4.199300	24.211000	
4.207620	24.253000	
4.215940	24.294000	
4.224260	24.335000	
4.232580	24.376000	
4.240900	24.417000	
4.249220	24.458000	
4.257540	24.499000	
4.265860	24.540000	
4.274180	24.581000	
4.282500	24.621000	
4.290820	24.662000	
4.299140	24.702000	
4.307460	24.743000	
4.315780	24.783000	
4.324100	24.824000	
4.332420	24.864000	
4.340740	24.904000	
4.349060	24.944000	
4.357380	24.984000	
4.610030	25.024000	
4.618350	25.064000	
4.626670	25.104000	
4.634990	25.144000	
4.643310	25.184000	
4.651630	25.224000	
4.659950	25.263000	
4.668270	25.303000	
4.676590	25.342000	
4.684910	25.382000	
4.693230	25.421000	
4.701550	25.461000	
4.709870	25.500000	
4.718190	25.539000	
4.726510	25.578000	
4.734830	25.617000	
4.743150	25.656000	
4.751470	25.695000	
4.759790	25.734000	
4.768110	25.773000	
5.020770	25.812000	
5.029090	25.851000	
5.037410	25.889000	
5.045730	25.928000	
5.054050	25.967000	
5.062370	26.005000	
5.070690	26.044000	
5.079010	26.082000	
5.087330	26.120000	
5.095650	26.159000	
5.103970	26.197000	
5.112290	26.235000	
5.120610	26.273000	
5.128930	26.311000	
5.137250	26.349000	
5.145570	26.387000	
5.153890	26.425000	
5.162210	26.463000	
5.170530	26.501000	
5.178850	26.538000	
5.658850	1.000000	
7.410740	2.000000	
7.821470	3.000000	
7.829790	4.000000	
8.232210	5.000000	
8.240530	6.000000	
8.248850	7.000000	
8.257170	8.000000	
8.642950	9.000000	
8.651270	10.000000	
8.659590	11.000000	
8.667910	12.000000	
8.676230	13.000000	
8.684550	14.000000	
8.692870	15.000000	
8.701190	16.000000	
9.053690	17.000000	
9.062010	18.000000	
9.070330	19.000000	
9.078650	20.000000	
9.086970	20.050000	
9.095290	20.100000	
9.103610	20.150000	
9.111930	20.199000	
9.120250	20.249000	
9.128570	20.298000	
9.136890	20.347000	
9.145210	20.397000	
9.153530	20.446000	
9.161850	20.494000	
9.170170	20.543000	
9.178490	20.592000	
9.464420	20.641000	
9.472740	20.689000	
9.481060	20.737000	
9.489380	20.786000	
9.497700	20.834000	
9.506020	20.882000	
9.514340	20.930000	
9.522660	20.977000	
9.530980	21.025000	
9.539300	21.073000	
9.547620	21.120000	
9.555940	21.167000	
9.564260	21.215000	
9.572580	21.262000	
9.580900	21.309000	
9.589220	21.356000	
9.597540	21.403000	
9.605860	21.449000	
9.614180	21.496000	
9.622500	21.542000	
9.875160	21.589000	
9.883480	21.635000	
9.891800	21.681000	
9.900120	21.727000	
9.908440	21.773000	
9.916760	21.819000	
9.925080	21.865000	
9.933400	21.911000	
9.941720	21.957000	
9.950040	22.002000	
9.958360	22.048000	
9.966680	22.093000	
9.975000	22.138000	
9.983320	22.183000	
9.991640	22.228000	
9.999960	22.273000	
10.008280	22.318000	
10.016600	22.363000	
10.024920	22.408000	
10.033240	22.453000	
10.285900	22.497000	
10.294220	22.542000	
10.302540	22.586000	
10.310860	22.630000	
10.319180	22.674000	
10.327500	22.718000	
10.335820	22.762000	
10.344140	22.806000	
10.352460	22.850000	
10.360780	22.894000	
10.369100	22.938000	
10.377420	22.981000	
10.385740	23.025000	
10.394060	23.068000	
10.402380	23.112000	
10.410700	23.155000	
10.419020	23.198000	
10.427340	23.241000	
10.435660	23.284000	
10.443980	23.327000	
10.696640	23.370000	
10.704960	23.413000	
10.713280	23.455000	
10.721600	23.498000	
10.729920	23.541000	
10.738240	23.583000	
10.746560	23.626000	
10.754880	23.668000	
10.763200	23.710000	
10.771520	23.752000	
10.779840	23.794000	
10.788160	23.836000	
10.796480	23.878000	
10.804800	23.920000	
10.813120	23.962000	
10.821440	24.004000	
10.829760	24.045000	
10.838080	24.087000	
10.846400	24.129000	
10.854720	24.170000	
11.107370	24.211000	
11.115690	24.253000	
11.124010	24.294000	
11.132330	24.335000	
11.140650	24.376000	
11.148970	24.417000	
11.157290	24.458000	
11.165610	24.499000	
11.173930	24.540000	
11.182250	24.581000	
11.190570	24.621000	
11.198890	24.662000	
11.207210	24.702000	
11.215530	24.743000	
11.223850	24.783000	
11.232170	24.824000	
11.240490	24.864000	
11.248810	24.904000	
11.257130	24.944000	
11.265450	24.984000	
11.518110	25.024000	
11.526430	25.064000	
11.534750	25.104000	
11.543070	25.144000	
11.551390	25.184000	
11.559710	25.224000	
11.568030	25.263000	
11.576350	25.303000	
11.584670	25.342000	
11.592990	25.382000	
11.601310	25.421000	
11.609630	25.461000	
11.617950	25.500000	
11.626270	25.539000	
11.634590	25.578000	
11.642910	25.617000	
11.651230	25.656000	
11.659550	25.695000	
11.667870	25.734000	
11.676190	25.773000	
11.928850	25.812000	
11.937170	25.851000	
11.945490	25.889000	
11.953810	25.928000	
11.962130	25.967000	
11.970450	26.005000	
11.978770	26.044000	
11.987090	26.082000	
11.995410	26.120000	
12.003730	26.159000	
12.012760	26.197000	
12.021080	26.235000	
12.029400	26.273000	
12.037720	26.311000	
12.046040	26.349000	
12.054360	26.387000	
12.062680	26.425000	
12.071000	26.463000	
12.079320	26.501000	
12.087640	26.538000	
12.339590	26.576000	
12.347910	26.614000	
12.356230	26.651000	
12.364550	26.689000	
12.372870	26.726000	
12.381190	26.764000	
12.389510	26.801000	
12.397830	26.838000	
12.406150	26.876000	
12.414470	26.913000	
12.423500	26.950000	
12.431820	26.987000	
12.440140	27.024000	
12.448460	27.061000	
12.456780	27.098000	
12.465100	27.135000	
12.473420	27.172000	
12.481740	27.209000	
12.490060	27.245000	
12.498380	27.282000	
12.750320	27.319000	
12.758640	27.355000	
12.766960	27.392000	
12.775280	27.428000	
12.783600	27.465000	
12.791920	27.501000	
12.800240	27.538000	
12.808560	27.574000	
12.816880	27.610000	
12.825200	27.646000	
12.834240	27.683000	
12.842560	27.719000	
12.850880	27.755000	
12.859200	27.791000	
12.867520	27.827000	
12.875840	27.863000	
12.884160	27.899000	
12.892480	27.934000	
12.900800	27.970000	
12.909120	28.006000	
13.161060	28.042000	
13.169380	28.077000	
13.177700	28.113000	
13.186020	28.149000	
13.194340	28.184000	
13.202660	28.220000	
13.210980	28.255000	
13.219300	28.290000	
13.227620	28.326000	
13.235940	28.361000	
13.244980	28.396000	
13.253300	28.432000	
13.261620	28.467000	
13.269940	28.502000	
13.278260	28.537000	
13.286580	28.572000	
13.294900	28.607000	
13.303220	28.642000	
13.311540	28.677000	
13.319860	28.712000	
13.571800	28.747000	
13.580120	28.781000	
13.588440	28.816000	
13.596760	28.851000	
13.605080	28.885000	
13.613400	28.920000	
13.621720	28.955000	
13.630040	28.989000	
13.638360	29.024000	
13.646680	29.058000	
13.655710	29.093000	
13.664030	29.127000	
13.672350	29.161000	
13.680670	29.196000	
13.688990	29.230000	
13.697310	29.264000	
13.705630	29.298000	
13.713950	29.332000	
13.722270	29.366000	
13.730590	29.400000	
13.982540	29.434000	
13.990860	29.468000	
13.999180	29.502000	
14.007500	29.536000	
14.015820	29.570000	
14.024140	29.604000	
14.032460	29.638000	
14.040780	29.671000	
14.049100	29.705000	
14.057420	29.739000	
14.066450	29.772000	
14.074770	29.806000	
14.083090	29.840000	
14.091410	29.873000	
14.099730	29.907000	
14.108050	29.940000	
14.116370	29.973000	
14.124690	30.007000	
14.133010	30.040000	
14.141330	30.073000	
14.393270	30.107000	
14.401590	30.140000	
14.409910	30.173000	
14.849910	1.000000	
